0 1
1 1
2 1
3 2
4 1
5 4
6 2
7 1
8 8
9 16
10 8
11 2
12 1
13 16
14 88
15 208
16 228
17 128
18 56
19 16
20 2
21 1
22 32
23 416
24 2880
25 11760
26 29856
27 48960
28 54304
29 44240
30 29920
31 17952
32 9088
33 3672
34 1120
35 240
36 32
37 2
38 1
39 64
40 1824
41 30720
42 342400
43 2682432
44 15328064
45 65515840
46 213464240
47 538811200
48 1070860384
49 1708551424
50 2245780976
51 2517976640
52 2509047680
53 2303873920
54 1984338932
55 1599152320
56 1191211520
57 810028480
58 497602544
59 273562688
60 133347136
61 57064960
62 21203480
63 6752512
64 1814048
65 402816
66 71920
67 9920
68 992
69 64
70 2
71 1
