Row 2: [1, 2]
Row 2: [1, 2]
Row 2: [1, 2]
Row 2: [1, 2]
Row 2: [1, 2]
Row 3: [1, 4]
Row 4: [1, 8, 12, 8, 2]
Row 5: [1, 16, 80, 160, 120, 16]
Row 6: [1, 32, 400, 2560, 9280, 20256, 28960, 31520, 29880, 24320, 16336, 8768, 3640, 1120, 240, 32, 2]
Row 2: [1, 2]
Row 3: [1, 4]
Row 4: [1, 8, 12, 8, 2]
Row 5: [1, 16, 80, 160, 120, 16]
Row 6: [1, 32, 400, 2560, 9280, 20256, 28960, 31520, 29880, 24320, 16336, 8768, 3640, 1120, 240, 32, 2]
Row 2: [1, 2]
Row 3: [1, 4]
Row 4: [1, 8, 12, 8, 2]
Row 5: [1, 16, 80, 160, 120, 16]
Row 2: [1, 2]
Row 3: [1, 4]
Row 4: [1, 8, 12, 8, 2]
Row 5: [1, 16, 80, 160, 120, 16]
Row 6: [1, 32, 400, 2560, 9280, 20256, 28960, 31520, 29880, 24320, 16336, 8768, 3640, 1120, 240, 32, 2]
Row 2: [1, 2]
Row 3: [1, 4]
Row 4: [1, 8, 12, 8, 2]
Row 5: [1, 16, 80, 160, 120, 16]
Row 6: [1, 32, 400, 2560, 9280, 20256, 28960, 31520, 29880, 24320, 16336, 8768, 3640, 1120, 240, 32, 2]
